<?xml version="1.0" encoding="UTF-8" standalone="no" ?>
<SimscapeMultibodyImportXML version="2.0" xmlns="urn:mathworks:SimscapeMultibody:import" xmlns:xsi="http://www.w3.org/2001/XMLSchema-instance">
<Created by="" on="02/02/18||14:29:26" using="Simscape Multibody Link Version 5.0" from="SolidWorks 22.0.0"/>
<ModelUnits mass="kilogram" length="millimeter"/>
<DataUnits mass="kilogram" length="meter"/>
<RootAssembly name="robot_1" uid="robot_1" version="448">
<AssemblyFile name="robot_1.SLDASM" type="SolidWorks Assembly"/>
<InstanceTree>
<Instance name="servo-14" uid="servo-14" entityUid="servo" rigid="true">
<Transform>
<Rotation>-0.96563020167582791 -9.5259188720702576e-016 -0.25991982150559417 0.017477364436476059 0.99773673801972462 -0.064930295995890522 0.25933155485566056 -0.067241368262100101 -0.96344472755336941</Rotation>
<Translation>0.011745380723721166 0.049085176657846341 -0.12069761550402872</Translation>
</Transform>
<Instance name="servo.sldasm-Part-1-1-1" uid="servo.sldasm-Part-1-1-1" grounded="true" entityUid="servo.sldasm-Part-1-1*:*默认">
<Transform>
<Rotation>-3.858025010572419e-015 -1.4224732503009818e-016 1 3.2751579226442118e-015 -1 -1.3877787807814457e-016 1 3.1502578323738817e-015 4.0800696154974503e-015</Rotation>
<Translation>-0.033150000223516954 -0.0093942000000001719 -0.072599999999999998</Translation>
</Transform>
</Instance>
</Instance>
<Instance name="servo-15" uid="servo-15" entityUid="servo" rigid="true">
<Transform>
<Rotation>0.98429886767776986 -5.0097448595807464e-016 -0.17650988382597768 0.00064656031113544804 -0.99999329109739543 0.0036055124412406772 -0.17650869963835833 -0.0036630260987163162 -0.98429226411253279</Rotation>
<Translation>0.052570870456281865 0.094260691411662406 -0.12960956711941027</Translation>
</Transform>
<Instance name="servo.sldasm-Part-1-1-1" uid="servo.sldasm-Part-1-1-1" grounded="true" entityUid="servo.sldasm-Part-1-1*:*默认">
<Transform>
<Rotation>-3.9690473130349346e-015 -1.4354836763708079e-016 1.0000000000000002 3.2183457288059714e-015 -1 -1.4354836763708079e-016 1 3.2179120479369772e-015 3.9690473130349346e-015</Rotation>
<Translation>-0.03315000022351694 -0.009394200000000158 -0.072599999999999984</Translation>
</Transform>
</Instance>
</Instance>
<Instance name="zhijiao-2" uid="zhijiao-2" entityUid="zhijiao" rigid="true">
<Transform>
<Rotation>0.9786583182147135 -1.0470343667599857e-016 0.20549427288649386 0.00075273088472009586 0.99999329109739554 -0.0035848509613463989 -0.20549289424543132 0.0036630260987164272 0.97865175249137326</Rotation>
<Translation>0.098921326925216768 0.15086788133956514 0.097413069850784434</Translation>
</Transform>
<Instance name="zhijiao.sldasm-Part-1-1" uid="zhijiao.sldasm-Part-1-1" grounded="true" entityUid="zhijiao.sldasm-Part-1*:*默认">
<Transform>
<Rotation>-5.8915546052862301e-016 -3.053113317719182e-016 -1 -1 3.2057689836051387e-015 5.8915546052862202e-016 3.2057689836051387e-015 1 -3.0531133177192007e-016</Rotation>
<Translation>-0.038150000223516639 -0.12470420000000003 -0.2212621856548645</Translation>
</Transform>
</Instance>
</Instance>
<Instance name="servo-16" uid="servo-16" entityUid="servo" rigid="true">
<Transform>
<Rotation>0.25565591672968901 0.96658842423593216 -0.018624456346431374 0.1373156579921021 -0.01723620935751774 0.99037736401695908 0.9569662806553314 -0.255753262384044 -0.13713426438574719</Rotation>
<Translation>0.079306211817727915 0.065058702003211968 -0.1129322657353892</Translation>
</Transform>
<Instance name="servo.sldasm-Part-1-1-1" uid="servo.sldasm-Part-1-1-1" grounded="true" entityUid="servo.sldasm-Part-1-1*:*默认">
<Transform>
<Rotation>-3.9135361618036752e-015 0 1 3.2057689836051379e-015 -1 0 1 3.2057689836051375e-015 3.9135361618036752e-015</Rotation>
<Translation>-0.033150000223516968 -0.009394200000000158 -0.072600000000000026</Translation>
</Transform>
</Instance>
</Instance>
<Instance name="shank left-1" uid="shank left-1" entityUid="shank left" rigid="true">
<Transform>
<Rotation>-0.17650988382598151 -1.8387689651893157e-016 0.9842988676777692 0.003605512441237468 0.99999329109739543 0.00064656031113558281 -0.98429226411253212 0.0036630260987131811 -0.17650869963836219</Rotation>
<Translation>0.032755980338522304 0.103371634709197 -0.052264274112599589</Translation>
</Transform>
<Instance name="shank left.sldasm-Part-2-1" uid="shank left.sldasm-Part-2-1" grounded="true" entityUid="shank left.sldasm-Part-2*:*默认">
<Transform>
<Rotation>1 0 0 0 1 0 0 0 1</Rotation>
<Translation>0 0 0</Translation>
</Transform>
<VisualProperties>
<Ambient r="1" g="1" b="1" a="1"/>
<Diffuse r="0.80000000000000004" g="0.80000000000000004" b="0.80000000000000004" a="1"/>
<Specular r="1" g="1" b="1" a="1"/>
<Emissive r="0.10000000000000001" g="0.10000000000000001" b="0.10000000000000001" a="1"/>
<Shininess>0.90000000000000002</Shininess>
</VisualProperties>
</Instance>
<Instance name="shank left.sldasm-Part-1-1" uid="shank left.sldasm-Part-1-1" grounded="true" entityUid="shank left.sldasm-Part-1*:*默认">
<Transform>
<Rotation>1 0 0 0 1 0 0 0 1</Rotation>
<Translation>0 0 0</Translation>
</Transform>
<VisualProperties>
<Ambient r="1" g="1" b="1" a="1"/>
<Diffuse r="0.80000000000000004" g="0.80000000000000004" b="0.80000000000000004" a="1"/>
<Specular r="1" g="1" b="1" a="1"/>
<Emissive r="0.10000000000000001" g="0.10000000000000001" b="0.10000000000000001" a="1"/>
<Shininess>0.90000000000000002</Shininess>
</VisualProperties>
</Instance>
<Instance name="shank left.sldasm-Part-3-1" uid="shank left.sldasm-Part-3-1" grounded="true" entityUid="shank left.sldasm-Part-3*:*默认">
<Transform>
<Rotation>1 0 0 0 1 0 0 0 1</Rotation>
<Translation>0 0 0</Translation>
</Transform>
<VisualProperties>
<Ambient r="1" g="1" b="1" a="1"/>
<Diffuse r="0.80000000000000004" g="0.80000000000000004" b="0.80000000000000004" a="1"/>
<Specular r="1" g="1" b="1" a="1"/>
<Emissive r="0.10000000000000001" g="0.10000000000000001" b="0.10000000000000001" a="1"/>
<Shininess>0.90000000000000002</Shininess>
</VisualProperties>
</Instance>
<Instance name="shank left.sldasm-Part-4-1" uid="shank left.sldasm-Part-4-1" grounded="true" entityUid="shank left.sldasm-Part-4*:*默认">
<Transform>
<Rotation>1 0 0 0 1 0 0 0 1</Rotation>
<Translation>0 0 0</Translation>
</Transform>
<VisualProperties>
<Ambient r="1" g="1" b="1" a="1"/>
<Diffuse r="0.80000000000000004" g="0.80000000000000004" b="0.80000000000000004" a="1"/>
<Specular r="1" g="1" b="1" a="1"/>
<Emissive r="0.10000000000000001" g="0.10000000000000001" b="0.10000000000000001" a="1"/>
<Shininess>0.90000000000000002</Shininess>
</VisualProperties>
</Instance>
<Instance name="shank left.sldasm-Part-13-1" uid="shank left.sldasm-Part-13-1" grounded="true" entityUid="shank left.sldasm-Part-13*:*默认">
<Transform>
<Rotation>1 0 0 0 1 0 0 0 1</Rotation>
<Translation>0 0 0</Translation>
</Transform>
<VisualProperties>
<Ambient r="1" g="1" b="1" a="1"/>
<Diffuse r="0.80000000000000004" g="0.80000000000000004" b="0.80000000000000004" a="1"/>
<Specular r="1" g="1" b="1" a="1"/>
<Emissive r="0.10000000000000001" g="0.10000000000000001" b="0.10000000000000001" a="1"/>
<Shininess>0.90000000000000002</Shininess>
</VisualProperties>
</Instance>
<Instance name="shank left.sldasm-Part-11-1" uid="shank left.sldasm-Part-11-1" grounded="true" entityUid="shank left.sldasm-Part-11*:*默认">
<Transform>
<Rotation>1 0 0 0 1 0 0 0 1</Rotation>
<Translation>0 0 0</Translation>
</Transform>
<VisualProperties>
<Ambient r="1" g="1" b="1" a="1"/>
<Diffuse r="0.80000000000000004" g="0.80000000000000004" b="0.80000000000000004" a="1"/>
<Specular r="1" g="1" b="1" a="1"/>
<Emissive r="0.10000000000000001" g="0.10000000000000001" b="0.10000000000000001" a="1"/>
<Shininess>0.90000000000000002</Shininess>
</VisualProperties>
</Instance>
<Instance name="shank left.sldasm-Part-10-1" uid="shank left.sldasm-Part-10-1" grounded="true" entityUid="shank left.sldasm-Part-10*:*默认">
<Transform>
<Rotation>1 0 0 0 1 0 0 0 1</Rotation>
<Translation>0 0 0</Translation>
</Transform>
<VisualProperties>
<Ambient r="1" g="1" b="1" a="1"/>
<Diffuse r="0.80000000000000004" g="0.80000000000000004" b="0.80000000000000004" a="1"/>
<Specular r="1" g="1" b="1" a="1"/>
<Emissive r="0.10000000000000001" g="0.10000000000000001" b="0.10000000000000001" a="1"/>
<Shininess>0.90000000000000002</Shininess>
</VisualProperties>
</Instance>
<Instance name="shank left.sldasm-Part-9-1" uid="shank left.sldasm-Part-9-1" grounded="true" entityUid="shank left.sldasm-Part-9*:*默认">
<Transform>
<Rotation>1 0 0 0 1 0 0 0 1</Rotation>
<Translation>0 0 0</Translation>
</Transform>
<VisualProperties>
<Ambient r="1" g="1" b="1" a="1"/>
<Diffuse r="0.80000000000000004" g="0.80000000000000004" b="0.80000000000000004" a="1"/>
<Specular r="1" g="1" b="1" a="1"/>
<Emissive r="0.10000000000000001" g="0.10000000000000001" b="0.10000000000000001" a="1"/>
<Shininess>0.90000000000000002</Shininess>
</VisualProperties>
</Instance>
<Instance name="shank left.sldasm-Part-12-1" uid="shank left.sldasm-Part-12-1" grounded="true" entityUid="shank left.sldasm-Part-12*:*默认">
<Transform>
<Rotation>1 0 0 0 1 0 0 0 1</Rotation>
<Translation>0 0 0</Translation>
</Transform>
<VisualProperties>
<Ambient r="1" g="1" b="1" a="1"/>
<Diffuse r="0.80000000000000004" g="0.80000000000000004" b="0.80000000000000004" a="1"/>
<Specular r="1" g="1" b="1" a="1"/>
<Emissive r="0.10000000000000001" g="0.10000000000000001" b="0.10000000000000001" a="1"/>
<Shininess>0.90000000000000002</Shininess>
</VisualProperties>
</Instance>
<Instance name="shank left.sldasm-Part-8-1" uid="shank left.sldasm-Part-8-1" grounded="true" entityUid="shank left.sldasm-Part-8*:*默认">
<Transform>
<Rotation>1 0 0 0 1 0 0 0 1</Rotation>
<Translation>0 0 0</Translation>
</Transform>
<VisualProperties>
<Ambient r="1" g="1" b="1" a="1"/>
<Diffuse r="0.80000000000000004" g="0.80000000000000004" b="0.80000000000000004" a="1"/>
<Specular r="1" g="1" b="1" a="1"/>
<Emissive r="0.10000000000000001" g="0.10000000000000001" b="0.10000000000000001" a="1"/>
<Shininess>0.90000000000000002</Shininess>
</VisualProperties>
</Instance>
<Instance name="shank left.sldasm-Part-7-1" uid="shank left.sldasm-Part-7-1" grounded="true" entityUid="shank left.sldasm-Part-7*:*默认">
<Transform>
<Rotation>1 0 0 0 1 0 0 0 1</Rotation>
<Translation>0 0 0</Translation>
</Transform>
<VisualProperties>
<Ambient r="1" g="1" b="1" a="1"/>
<Diffuse r="0.80000000000000004" g="0.80000000000000004" b="0.80000000000000004" a="1"/>
<Specular r="1" g="1" b="1" a="1"/>
<Emissive r="0.10000000000000001" g="0.10000000000000001" b="0.10000000000000001" a="1"/>
<Shininess>0.90000000000000002</Shininess>
</VisualProperties>
</Instance>
<Instance name="shank left.sldasm-Part-6-1" uid="shank left.sldasm-Part-6-1" grounded="true" entityUid="shank left.sldasm-Part-6*:*默认">
<Transform>
<Rotation>1 0 0 0 1 0 0 0 1</Rotation>
<Translation>0 0 0</Translation>
</Transform>
<VisualProperties>
<Ambient r="1" g="1" b="1" a="1"/>
<Diffuse r="0.80000000000000004" g="0.80000000000000004" b="0.80000000000000004" a="1"/>
<Specular r="1" g="1" b="1" a="1"/>
<Emissive r="0.10000000000000001" g="0.10000000000000001" b="0.10000000000000001" a="1"/>
<Shininess>0.90000000000000002</Shininess>
</VisualProperties>
</Instance>
<Instance name="shank left.sldasm-Part-5-1" uid="shank left.sldasm-Part-5-1" grounded="true" entityUid="shank left.sldasm-Part-5*:*默认">
<Transform>
<Rotation>1 0 0 0 1 0 0 0 1</Rotation>
<Translation>0 0 0</Translation>
</Transform>
<VisualProperties>
<Ambient r="1" g="1" b="1" a="1"/>
<Diffuse r="0.80000000000000004" g="0.80000000000000004" b="0.80000000000000004" a="1"/>
<Specular r="1" g="1" b="1" a="1"/>
<Emissive r="0.10000000000000001" g="0.10000000000000001" b="0.10000000000000001" a="1"/>
<Shininess>0.90000000000000002</Shininess>
</VisualProperties>
</Instance>
<Instance name="shank left.sldasm-Part-14-1" uid="shank left.sldasm-Part-14-1" grounded="true" entityUid="shank left.sldasm-Part-14*:*默认">
<Transform>
<Rotation>1 0 0 0 1 0 0 0 1</Rotation>
<Translation>0 0 0</Translation>
</Transform>
<VisualProperties>
<Ambient r="1" g="1" b="1" a="1"/>
<Diffuse r="0.80000000000000004" g="0.80000000000000004" b="0.80000000000000004" a="1"/>
<Specular r="1" g="1" b="1" a="1"/>
<Emissive r="0.10000000000000001" g="0.10000000000000001" b="0.10000000000000001" a="1"/>
<Shininess>0.90000000000000002</Shininess>
</VisualProperties>
</Instance>
</Instance>
<Instance name="servo-8" uid="servo-8" entityUid="servo" rigid="true">
<Transform>
<Rotation>0.00014351844800865641 -0.99999998969907922 -2.0727934202334589e-006 0.99989571026907831 0.00014353341559154918 -0.014441190520666454 0.014441190669424016 1.7579639604477631e-015 0.99989572056892484</Rotation>
<Translation>0.014027314055590807 -0.0029276761280551985 0.26275585062531842</Translation>
</Transform>
<Instance name="servo.sldasm-Part-1-1-1" uid="servo.sldasm-Part-1-1-1" grounded="true" entityUid="servo.sldasm-Part-1-1*:*默认">
<Transform>
<Rotation>-3.9690473130349346e-015 -1.4356134346092129e-016 1 3.2178464840156655e-015 -0.99999999999999989 -1.4358581583905696e-016 1 3.217845946302089e-015 3.9707820365109114e-015</Rotation>
<Translation>-0.033150000223516954 -0.0093942000000001701 -0.072600000000000026</Translation>
</Transform>
</Instance>
</Instance>
<Instance name="sholder righr-1" uid="sholder righr-1" entityUid="sholder righr" rigid="true">
<Transform>
<Rotation>0.99999998969907922 0.00014353341559031791 0 -0.00014353341559031791 0.99999998969907922 -1.2109546032447431e-016 0 1.2109545950231669e-016 0.99999999999999989</Rotation>
<Translation>0.088387548533307145 0.063484222087896613 0.10452207936176663</Translation>
</Transform>
<Instance name="sholder righr.sldasm-Part-1-1" uid="sholder righr.sldasm-Part-1-1" grounded="true" entityUid="sholder righr.sldasm-Part-1*:*默认">
<Transform>
<Rotation>1.4571677198205402e-015 1.4434796673928885e-015 0.99999999999999989 0 0.99999999999999989 -1.4434796673928883e-015 -0.99999999999999978 0 1.4571677198205397e-015</Rotation>
<Translation>-0.055606501385150699 -0.050652838037357706 0.14600000000009056</Translation>
</Transform>
</Instance>
</Instance>
<Instance name="hand-1" uid="hand-1" entityUid="hand" rigid="true">
<Transform>
<Rotation>0.99999867005854604 -0.00057391445661630252 -0.0015265986164151799 0.00041052382049772823 0.99447707151722875 -0.10495325481713019 0.0015784015116433068 0.10495248853034951 0.99447598452650177</Rotation>
<Translation>0.086923003683040595 0.075706920184527557 0.092628500513828108</Translation>
</Transform>
<Instance name="hand.sldasm-Part-1-1" uid="hand.sldasm-Part-1-1" grounded="true" entityUid="hand.sldasm-Part-1*:*默认">
<Transform>
<Rotation>-0.0046898915550845294 0.60788603241542516 -0.79401043854059894 0.00041031461774465589 0.79402027380577589 0.60789113863200461 0.99998891821815505 0.0025251494279059051 -0.003973293501710465</Rotation>
<Translation>0.013083613328406199 -0.028799147630574701 0.085686342014838421</Translation>
</Transform>
</Instance>
</Instance>
<Instance name="servo-3" uid="servo-3" entityUid="servo" rigid="true">
<Transform>
<Rotation>0.99997967259872567 -0.00014353341559192513 -0.0063744637032417837 -0.00014353049940906554 -0.99999998969907922 9.1494856059153741e-007 -0.0063744637689046313 -3.2737462297105049e-015 -0.99997968289943706</Rotation>
<Translation>0.065650406351894772 0.0034404469717107902 0.17777537603266633</Translation>
</Transform>
<Instance name="servo.sldasm-Part-1-1-1" uid="servo.sldasm-Part-1-1-1" grounded="true" entityUid="servo.sldasm-Part-1-1*:*默认">
<Transform>
<Rotation>-3.9681799512969462e-015 -1.4355858463161267e-016 0.99999999999999989 3.2178461635323317e-015 -0.99999999999999989 -1.4360509283616028e-016 0.99999999999999978 3.2178463775048679e-015 3.969914674772923e-015</Rotation>
<Translation>-0.03315000022351694 -0.0093942000000001684 -0.07259999999999997</Translation>
</Transform>
</Instance>
</Instance>
<Instance name="servo-2" uid="servo-2" entityUid="servo" rigid="true">
<Transform>
<Rotation>-0.99997967259872578 0.00014353341559144596 -0.0063744637032497973 0.00014353049940862744 0.99999998969907944 9.1494855409331812e-007 0.0063744637689126214 -3.2181357013194549e-015 -0.99997968289943706</Rotation>
<Translation>0.019372890578947456 0.153541166962506 0.17807051370801627</Translation>
</Transform>
<Instance name="servo.sldasm-Part-1-1-1" uid="servo.sldasm-Part-1-1-1" grounded="true" entityUid="servo.sldasm-Part-1-1*:*默认">
<Transform>
<Rotation>-3.9456285461092477e-015 -1.4322667958668581e-016 0.99999999999999989 3.2132815114863656e-015 -1 -1.4322667958667312e-016 0.99999999999999989 3.2132815114863656e-015 3.9456285461092485e-015</Rotation>
<Translation>-0.033150000223516968 -0.009394200000000158 -0.072599999999999998</Translation>
</Transform>
</Instance>
</Instance>
<Instance name="body-1" uid="body-1" entityUid="body*:*Default">
<Transform>
<Rotation>0.99997967259872578 0.0001435334155902702 0.0063744637032457953 -0.00014353049940743143 0.99999998969907944 -9.1494855727075713e-007 -0.0063744637689086194 0 0.99997968289943706</Rotation>
<Translation>0.087647184151864663 0.063484328354926151 0.10423371915472564</Translation>
</Transform>
</Instance>
<Instance name="servo-1" uid="servo-1" entityUid="servo" rigid="true">
<Transform>
<Rotation>-3.9324803569066968e-015 3.3029134982598407e-015 0.99999999999999989 1 -1.1102230246251565e-016 3.9482306313232129e-015 1.3422894659748633e-016 1 -3.1918911957973251e-015</Rotation>
<Translation>0.10726629134092562 0.10153762725799964 0.13796599678887067</Translation>
</Transform>
<Instance name="servo.sldasm-Part-1-1-1" uid="servo.sldasm-Part-1-1-1" grounded="true" entityUid="servo.sldasm-Part-1-1*:*默认">
<Transform>
<Rotation>-3.9532970386184082e-015 -1.6678178219605021e-016 1 3.3288686217710853e-015 -1 -1.2036849392612185e-016 0.99999999999999978 3.1068240168460496e-015 3.9847975874514452e-015</Rotation>
<Translation>-0.033150000223516968 -0.009394200000000158 -0.07259999999999997</Translation>
</Transform>
</Instance>
</Instance>
<Instance name="buttocks bottom-1" uid="buttocks bottom-1" entityUid="buttocks bottom*:*Default">
<Transform>
<Rotation>0.99999998969907922 0.00014353341559027023 0 -0.00014353341559027023 0.99999998969907922 0 0 0 0.99999999999999989</Rotation>
<Translation>0.087814138101225528 0.063384304390425306 0.10457179678887076</Translation>
</Transform>
</Instance>
<Instance name="buttocks-1" uid="buttocks-1" grounded="true" entityUid="buttocks*:*Default">
<Transform>
<Rotation>1 0 0 0 1 0 0 0 1</Rotation>
<Translation>0.087816291340925723 0.063387627034482377 0.10357179678887074</Translation>
</Transform>
</Instance>
<Instance name="shouler left end-1" uid="shouler left end-1" entityUid="shouler left end" rigid="true">
<Transform>
<Rotation>0.99999877415048288 -0.00034772447480039501 -0.001526690938314383 0.00018557143587562711 0.99447702759535905 -0.1049543098130882 0.0015547542486494513 0.10495389784466864 0.99447587304390506</Rotation>
<Translation>0.086896206812101459 0.075696811409876219 0.092627270328767414</Translation>
</Transform>
<Instance name="shouler left end.sldasm-Part-1-1" uid="shouler left end.sldasm-Part-1-1" grounded="true" entityUid="shouler left end.sldasm-Part-1*:*默认">
<Transform>
<Rotation>-0.0046898915550845303 0.60788603241542505 -0.79401043854059894 0.00041031461774464206 0.79402027380577611 0.6078911386320045 0.99998891821815494 0.0025251494279059233 -0.0039732935017104468</Rotation>
<Translation>0.013083613328406241 -0.028799147630574701 0.085686342014838407</Translation>
</Transform>
</Instance>
<Instance name="shouler left end.sldasm-Part-2-1" uid="shouler left end.sldasm-Part-2-1" grounded="true" entityUid="shouler left end.sldasm-Part-2*:*默认">
<Transform>
<Rotation>-0.0046898915550845303 0.60788603241542505 -0.79401043854059894 0.00041031461774464206 0.79402027380577611 0.6078911386320045 0.99998891821815494 0.0025251494279059233 -0.0039732935017104468</Rotation>
<Translation>0.013083613328406241 -0.028799147630574701 0.085686342014838407</Translation>
</Transform>
</Instance>
</Instance>
<Instance name="servo-6" uid="servo-6" entityUid="servo" rigid="true">
<Transform>
<Rotation>-0.00036213419025249162 -0.9999889920954681 -0.0046780922092212089 0.99418968369253069 0.0001435318370671585 -0.10764224188466882 0.10764172842431532 -0.0046898919498719925 0.99417868776962037</Rotation>
<Translation>0.013849832542427328 0.20087978619656252 0.26453509796117203</Translation>
</Transform>
<Instance name="servo.sldasm-Part-1-1-1" uid="servo.sldasm-Part-1-1-1" grounded="true" entityUid="servo.sldasm-Part-1-1*:*默认">
<Transform>
<Rotation>-3.9690473130349346e-015 -1.4376520807157789e-016 1 3.2187794096749656e-015 -0.99999999999999989 -1.4333152720258369e-016 0.99999999999999989 3.2161773244610004e-015 3.9551695252271202e-015</Rotation>
<Translation>-0.03315000022351694 -0.0093942000000001649 -0.072599999999999942</Translation>
</Transform>
</Instance>
</Instance>
<Instance name="back of batter-2" uid="back of batter-2" entityUid="back of batter*:*默认">
<Transform>
<Rotation>0.99997967259872589 0.00014353341559014774 0.0063744637032456773 -0.00014353049940730932 0.99999998969907933 -9.1494855727452452e-007 -0.006374463768908524 0 0.99997968289943706</Rotation>
<Translation>0.086429713918803455 0.063684503104649084 0.10374721319457922</Translation>
</Transform>
</Instance>
<Instance name="servo-4" uid="servo-4" entityUid="servo" rigid="true">
<Transform>
<Rotation>-1.2490009027033011e-016 -1 3.236994006172722e-015 0.067241368262100851 -3.2480799733863863e-015 -0.99773673801972462 0.99773673801972462 0 0.067241368262100934</Rotation>
<Translation>0.035922091340925777 -0.016303520314860653 0.11953388478500404</Translation>
</Transform>
<Instance name="servo.sldasm-Part-1-1-1" uid="servo.sldasm-Part-1-1-1" grounded="true" entityUid="servo.sldasm-Part-1-1*:*默认">
<Transform>
<Rotation>-3.8719027983802334e-015 -1.3314815912598586e-016 1 3.2271799992534667e-015 -1 -1.5400211699618637e-016 1 3.208512639363669e-015 4.0384362520740069e-015</Rotation>
<Translation>-0.033150000223516968 -0.0093942000000001649 -0.072600000000000012</Translation>
</Transform>
</Instance>
</Instance>
<Instance name="servo-5" uid="servo-5" entityUid="servo" rigid="true">
<Transform>
<Rotation>-1.5265566588595902e-016 -1.0000000000000002 3.1451349771088877e-015 0.0036630260987091439 3.0892714601715721e-015 0.99999329109739521 -0.99999329109739543 1.3877787807814457e-016 0.0036630260987091422</Rotation>
<Translation>0.03592209134092577 0.17492214029023526 0.070577996788255465</Translation>
</Transform>
<Instance name="servo.sldasm-Part-1-1-1" uid="servo.sldasm-Part-1-1-1" grounded="true" entityUid="servo.sldasm-Part-1-1*:*默认">
<Transform>
<Rotation>-3.9681799512969478e-015 -1.6876993890078003e-016 1 3.1624704237392344e-015 -1 -1.6876993890076748e-016 1 3.1624704237392336e-015 3.9681799512969486e-015</Rotation>
<Translation>-0.033150000223516968 -0.0093942000000001649 -0.07259999999999997</Translation>
</Transform>
</Instance>
</Instance>
<Instance name="shoulder left_1-1" uid="shoulder left_1-1" entityUid="shoulder left_1" rigid="true">
<Transform>
<Rotation>0.99999993366108408 -0.00036405364938670856 1.1948543682944244e-005 0.00036321333287534603 0.99414543281725876 -0.10804964823940946 2.7457278625290637e-005 0.10804964541138332 0.9941454990958678</Rotation>
<Translation>0.088446657679736737 0.076667374413494402 0.092298709500205162</Translation>
</Transform>
<Instance name="shoulder left_1.sldasm-Part-1-1" uid="shoulder left_1.sldasm-Part-1-1" grounded="true" entityUid="shoulder left_1.sldasm-Part-1*:*默认">
<Transform>
<Rotation>-0.0046898915550845311 0.60788603241542505 -0.79401043854059905 0.00041031461774464217 0.794020273805776 0.6078911386320045 0.99998891821815505 0.0025251494279059164 -0.0039732935017104589</Rotation>
<Translation>0.013083613328406241 -0.028799147630574715 0.085686342014838393</Translation>
</Transform>
</Instance>
<Instance name="shoulder left_1.sldasm-Part-2-1" uid="shoulder left_1.sldasm-Part-2-1" grounded="true" entityUid="shoulder left_1.sldasm-Part-2*:*默认">
<Transform>
<Rotation>-0.0046898915550845311 0.60788603241542505 -0.79401043854059905 0.00041031461774464217 0.794020273805776 0.6078911386320045 0.99998891821815505 0.0025251494279059164 -0.0039732935017104589</Rotation>
<Translation>0.013083613328406241 -0.028799147630574715 0.085686342014838393</Translation>
</Transform>
</Instance>
<Instance name="shoulder left_1.sldasm-Part-3-1" uid="shoulder left_1.sldasm-Part-3-1" grounded="true" entityUid="shoulder left_1.sldasm-Part-3*:*默认">
<Transform>
<Rotation>-0.0046898915550845311 0.60788603241542505 -0.79401043854059905 0.00041031461774464217 0.794020273805776 0.6078911386320045 0.99998891821815505 0.0025251494279059164 -0.0039732935017104589</Rotation>
<Translation>0.013083613328406241 -0.028799147630574715 0.085686342014838393</Translation>
</Transform>
</Instance>
<Instance name="shoulder left_1.sldasm-Part-4-1" uid="shoulder left_1.sldasm-Part-4-1" grounded="true" entityUid="shoulder left_1.sldasm-Part-4*:*默认">
<Transform>
<Rotation>-0.0046898915550845311 0.60788603241542505 -0.79401043854059905 0.00041031461774464217 0.794020273805776 0.6078911386320045 0.99998891821815505 0.0025251494279059164 -0.0039732935017104589</Rotation>
<Translation>0.013083613328406241 -0.028799147630574715 0.085686342014838393</Translation>
</Transform>
</Instance>
</Instance>
<Instance name="servo-7" uid="servo-7" entityUid="servo" rigid="true">
<Transform>
<Rotation>0.4430812229826242 0.89645991681180048 -0.0062167025022778488 -0.89185238760001007 0.44007892381442548 -0.10454596858080392 -0.09098543055007971 0.05186673658634107 0.99450062496888347</Rotation>
<Translation>0.078996585188053609 0.1774570874088926 0.1889587653858224</Translation>
</Transform>
<Instance name="servo.sldasm-Part-1-1-1" uid="servo.sldasm-Part-1-1-1" grounded="true" entityUid="servo.sldasm-Part-1-1*:*默认">
<Transform>
<Rotation>-3.9829251008427491e-015 -1.5265566588595902e-016 1 3.2265856653168612e-015 -1 -1.0234868508263162e-016 1 3.2127078775090467e-015 3.9551695252271202e-015</Rotation>
<Translation>-0.033150000223516968 -0.0093942000000001857 -0.072599999999999998</Translation>
</Transform>
</Instance>
</Instance>
<Instance name="shoulder left-1" uid="shoulder left-1" entityUid="shoulder left" rigid="true">
<Transform>
<Rotation>0.99999998969907922 0.00014353341559014847 0 -0.00014353341559014847 0.99999998969907922 0 0 0 0.99999999999999989</Rotation>
<Translation>0.088387658509345893 0.06348422207211131 0.10447517741672341</Translation>
</Transform>
<Instance name="shoulder left.sldasm-Part-1-1" uid="shoulder left.sldasm-Part-1-1" grounded="true" entityUid="shoulder left.sldasm-Part-1*:*默认">
<Transform>
<Rotation>0.0046898919498751896 -1.1744077932362984e-015 -0.99998900239627553 0 -0.99999999999999989 1.1744322698202157e-015 -0.99998900239627553 0 -0.0046898919498751827</Rotation>
<Translation>-0.0357474180957238 0.080652838037358107 0.1460934709365207</Translation>
</Transform>
</Instance>
</Instance>
<Instance name="zhijiao-1" uid="zhijiao-1" entityUid="zhijiao" rigid="true">
<Transform>
<Rotation>0.96658842423593205 0 0.25633341204981025 -0.017236209357520332 0.99773673801972496 0.064994728191925186 -0.25575326238404372 -0.067241368262093731 0.96440078140478491</Rotation>
<Translation>0.11614964166624417 0.063320701654469042 0.09127466647827609</Translation>
</Transform>
<Instance name="zhijiao.sldasm-Part-1-1" uid="zhijiao.sldasm-Part-1-1" grounded="true" entityUid="zhijiao.sldasm-Part-1*:*默认">
<Transform>
<Rotation>-5.8286708792820728e-016 -2.4980018054066042e-016 -1 -1 3.2057689836051403e-015 5.8286708792820649e-016 3.2057689836051403e-015 1 -2.4980018054066229e-016</Rotation>
<Translation>-0.038150000223516639 -0.12470419999999996 -0.22126218565486444</Translation>
</Transform>
</Instance>
</Instance>
<Instance name="shoulder right middle-1" uid="shoulder right middle-1" entityUid="shoulder right middle" rigid="true">
<Transform>
<Rotation>0.99999998969907922 0.00014345143479991263 -4.8504891343954798e-006 -0.00014353341559022575 0.99942882800042665 -0.033793448475292288 2.0008207627109731e-016 0.033793448823395925 0.99942883829546392</Rotation>
<Translation>0.08838810052102318 0.067329930824269121 0.10759403149457777</Translation>
</Transform>
<Instance name="shoulder right middle.sldasm-Part-1-1" uid="shoulder right middle.sldasm-Part-1-1" grounded="true" entityUid="shoulder right middle.sldasm-Part-1*:*默认">
<Transform>
<Rotation>-1.3171992604374588e-015 0.99999999999999989 1.517601173538152e-015 0.019356982447428839 -1.4887911433786402e-015 0.99981263606264248 0.99981263606264259 1.4988026841025531e-015 -0.019356982447428818</Rotation>
<Translation>-0.064956501385150703 -0.099533797976483013 0.085503090742685611</Translation>
</Transform>
</Instance>
<Instance name="shoulder right middle.sldasm-Part-2-1" uid="shoulder right middle.sldasm-Part-2-1" grounded="true" entityUid="shoulder right middle.sldasm-Part-2*:*默认">
<Transform>
<Rotation>-1.3171992604374588e-015 0.99999999999999989 1.517601173538152e-015 0.019356982447428839 -1.4887911433786402e-015 0.99981263606264248 0.99981263606264259 1.4988026841025531e-015 -0.019356982447428818</Rotation>
<Translation>-0.064956501385150703 -0.099533797976483013 0.085503090742685611</Translation>
</Transform>
</Instance>
<Instance name="shoulder right middle.sldasm-Part-3-1" uid="shoulder right middle.sldasm-Part-3-1" grounded="true" entityUid="shoulder right middle.sldasm-Part-3*:*默认">
<Transform>
<Rotation>-1.3171992604374588e-015 0.99999999999999989 1.517601173538152e-015 0.019356982447428839 -1.4887911433786402e-015 0.99981263606264248 0.99981263606264259 1.4988026841025531e-015 -0.019356982447428818</Rotation>
<Translation>-0.064956501385150703 -0.099533797976483013 0.085503090742685611</Translation>
</Transform>
</Instance>
</Instance>
<Instance name="servo-9" uid="servo-9" entityUid="servo" rigid="true">
<Transform>
<Rotation>0.42825676274137298 -0.89656657634124537 -0.11298017239328879 0.86313350444465153 0.44286283140045291 -0.24263772598066555 0.26757559431191369 0.0063942749168279219 0.96351565351939872</Rotation>
<Translation>0.022191620819900639 -0.0016366273127234824 0.19426328683286997</Translation>
</Transform>
<Instance name="servo.sldasm-Part-1-1-1" uid="servo.sldasm-Part-1-1-1" grounded="true" entityUid="servo.sldasm-Part-1-1*:*默认">
<Transform>
<Rotation>-3.9412917374193065e-015 -1.5525775109992419e-016 1 3.2161773244610011e-015 -1 -1.5525775109991151e-016 1 3.2161773244610004e-015 3.9412917374193073e-015</Rotation>
<Translation>-0.03315000022351694 -0.0093942000000001649 -0.072599999999999942</Translation>
</Transform>
</Instance>
</Instance>
<Instance name="shoulder right end-2" uid="shoulder right end-2" entityUid="shoulder right end" rigid="true">
<Transform>
<Rotation>0.99351227155514776 -0.01517863137961902 -0.11270747720880016 -0.014905636507554549 0.96512397382639559 -0.26136858484877623 0.11274390568733732 0.26135287313321981 0.95863626440656635</Rotation>
<Translation>0.091482733174376607 0.073200335515923282 0.1349247550108067</Translation>
</Transform>
<Instance name="shoulder right end.sldasm-Part-1-1" uid="shoulder right end.sldasm-Part-1-1" grounded="true" entityUid="shoulder right end.sldasm-Part-1*:*默认">
<Transform>
<Rotation>-1.3461454173580019e-015 1 1.5277777399948814e-015 0.019356982447428808 -1.5014341763266231e-015 0.99981263606264248 0.99981263606264248 1.3754663651490035e-015 -0.019356982447428808</Rotation>
<Translation>-0.064956501385150731 -0.099533797976483013 0.085503090742685625</Translation>
</Transform>
</Instance>
</Instance>
<Instance name="hand right-1" uid="hand right-1" entityUid="hand right" rigid="true">
<Transform>
<Rotation>0.99348304592877101 -0.017247933718105363 -0.11266741425340251 -0.012884862294342206 0.96515291548702864 -0.26136914517697846 0.11324936103902666 0.26111751857993831 0.95864082101426706</Rotation>
<Translation>0.091293570767525867 0.073294917255559977 0.13492639224096764</Translation>
</Transform>
<Instance name="hand right.sldasm-Part-1-1" uid="hand right.sldasm-Part-1-1" grounded="true" entityUid="hand right.sldasm-Part-1*:*默认">
<Transform>
<Rotation>-1.3183898417423734e-015 0.99999999999999989 1.4502288259166107e-015 0.019356982447428867 -1.4190038033490282e-015 0.99981263606264248 0.99981263606264248 1.3600232051658168e-015 -0.019356982447428867</Rotation>
<Translation>-0.064956501385150703 -0.099533797976482999 0.085503090742685611</Translation>
</Transform>
</Instance>
</Instance>
<Instance name="small servo-1" uid="small servo-1" entityUid="small servo" rigid="true">
<Transform>
<Rotation>0.99997967259872567 0.00014353341559029056 0.00637446370324581 -0.00014353049940745192 0.99999998969907922 -9.1494855730470854e-007 -0.0063744637689086567 0 0.99997968289943706</Rotation>
<Translation>0.08764718415186469 0.063484328354926164 0.10423371915472576</Translation>
</Transform>
<Instance name="small servo.sldasm-Part-1-1" uid="small servo.sldasm-Part-1-1" grounded="true" entityUid="small servo.sldasm-Part-1*:*默认">
<Transform>
<Rotation>0.0038125420169427006 0.99999273223527441 0 -0.99999273223527418 0.003812542016942682 0 0 0 0.99999999999999989</Rotation>
<Translation>-0.051684543181420302 0.021026890150821057 0.11100000000009058</Translation>
</Transform>
<VisualProperties>
<Ambient r="0" g="0.0078431372549019607" b="0.027450980392156862" a="1"/>
<Diffuse r="0" g="0.0062745098039215692" b="0.021960784313725491" a="1"/>
<Specular r="0" g="0.0078431372549019607" b="0.027450980392156862" a="1"/>
<Emissive r="0" g="0.00078431372549019615" b="0.0027450980392156863" a="1"/>
<Shininess>0.90000000000000002</Shininess>
</VisualProperties>
</Instance>
</Instance>
<Instance name="neck_2-1" uid="neck_2-1" entityUid="neck_2" rigid="true">
<Transform>
<Rotation>0.99997968289985584 2.916182808514387e-009 0.0063744637032457762 2.9161828085126648e-009 0.99999999999958145 -9.1494855727498795e-007 -0.0063744637032457762 9.1494855727498795e-007 0.99997968289943728</Rotation>
<Translation>0.087649337579206024 0.063490874977857117 0.10423370543349232</Translation>
</Transform>
<Instance name="neck_2.sldasm-Part-1-1" uid="neck_2.sldasm-Part-1-1" grounded="true" entityUid="neck_2.sldasm-Part-1*:*默认">
<Transform>
<Rotation>0.0038125420169429535 0.9999927322352743 0 -0.9999927322352743 0.0038125420169429535 0 0 0 1</Rotation>
<Translation>-0.051684543181420316 0.021026890150821043 0.11100000000009058</Translation>
</Transform>
</Instance>
</Instance>
<Instance name="neck_1-1" uid="neck_1-1" entityUid="neck_1" rigid="true">
<Transform>
<Rotation>0.9999796835127247 -1.5783335574758776e-007 0.0063743675581464368 2.9173071297204108e-009 0.99999999970468267 2.4302976950606305e-005 -0.0063743675600997961 -2.4302464603496397e-005 0.99997968321741382</Rotation>
<Translation>0.087649260795223574 0.063511483602071581 0.10423398615601306</Translation>
</Transform>
<Instance name="neck_1.sldasm-Part-1-1" uid="neck_1.sldasm-Part-1-1" grounded="true" entityUid="neck_1.sldasm-Part-1*:*默认">
<Transform>
<Rotation>0.0038125420169429535 0.99999273223527452 0 -0.9999927322352743 0.0038125420169429526 0 0 0 1.0000000000000002</Rotation>
<Translation>-0.04911134492768001 0.01494707457431084 0.20531186173655253</Translation>
</Transform>
</Instance>
</Instance>
<Instance name="neck_3-1" uid="neck_3-1" entityUid="neck_3" rigid="true">
<Transform>
<Rotation>0.9999796835127247 -1.5783335574802006e-007 0.0063743675581476155 2.9173071301540516e-009 0.99999999970468267 2.4302976950610581e-005 -0.0063743675601009766 -2.430246460350068e-005 0.9999796832174136</Rotation>
<Translation>0.087649260795223352 0.063511483602070096 0.10423398615601347</Translation>
</Transform>
<Instance name="neck_3.sldasm-Part-1-1" uid="neck_3.sldasm-Part-1-1" grounded="true" entityUid="neck_3.sldasm-Part-1*:*默认">
<Transform>
<Rotation>-0.99999273223527463 1.1657341758564144e-015 0.0038125420169429548 -0.003812542016942953 2.7097939235380675e-016 -0.9999927322352743 -1.1796119636642288e-015 -0.99999999999999989 -2.6653745076576804e-016</Rotation>
<Translation>-0.043084359463308713 0.020995096665230903 0.21136186173655247</Translation>
</Transform>
<VisualProperties>
<Ambient r="0" g="0.0078431372549019607" b="0.058823529411764705" a="1"/>
<Diffuse r="0" g="0.0078431372549019607" b="0.058823529411764705" a="1"/>
<Specular r="0" g="0.0039215686274509803" b="0.029411764705882353" a="1"/>
<Emissive r="0" g="0" b="0" a="1"/>
<Shininess>0.40000000596046448</Shininess>
</VisualProperties>
</Instance>
<Instance name="neck_3.sldasm-Part-1-2" uid="neck_3.sldasm-Part-1-2" grounded="true" entityUid="neck_3.sldasm-Part-1*:*默认">
<Transform>
<Rotation>0.0038125420169429548 -1.1657341758564144e-015 -0.99999273223527463 -0.9999927322352743 -2.5795202562503561e-016 -0.003812542016942953 -2.5350987905130135e-016 0.99999999999999989 -1.1796119636642288e-015</Rotation>
<Translation>-0.043084359463308658 0.020995096665230903 0.18616186173655247</Translation>
</Transform>
<VisualProperties>
<Ambient r="0" g="0.0078431372549019607" b="0.058823529411764705" a="1"/>
<Diffuse r="0" g="0.0078431372549019607" b="0.058823529411764705" a="1"/>
<Specular r="0" g="0.0039215686274509803" b="0.029411764705882353" a="1"/>
<Emissive r="0" g="0" b="0" a="1"/>
<Shininess>0.40000000596046448</Shininess>
</VisualProperties>
</Instance>
<Instance name="neck_3.sldasm-Part-2-1" uid="neck_3.sldasm-Part-2-1" grounded="true" entityUid="neck_3.sldasm-Part-2*:*默认">
<Transform>
<Rotation>-0.99999273223527463 1.1657341758564144e-015 0.0038125420169429548 -0.003812542016942953 2.7097939235380675e-016 -0.9999927322352743 -1.1796119636642288e-015 -0.99999999999999989 -2.6653745076576804e-016</Rotation>
<Translation>-0.043084359463308713 0.020995096665230903 0.21136186173655247</Translation>
</Transform>
<VisualProperties>
<Ambient r="0" g="0.0078431372549019607" b="0.058823529411764705" a="1"/>
<Diffuse r="0" g="0.0078431372549019607" b="0.058823529411764705" a="1"/>
<Specular r="0" g="0.0039215686274509803" b="0.029411764705882353" a="1"/>
<Emissive r="0" g="0" b="0" a="1"/>
<Shininess>0.40000000596046448</Shininess>
</VisualProperties>
</Instance>
</Instance>
<Instance name="head_2-1" uid="head_2-1" entityUid="head_2" rigid="true">
<Transform>
<Rotation>0.99999999999999678 -8.0375331439991238e-008 9.7669346721130001e-013 8.0375331439991476e-008 0.99999999999999678 -2.5617440255013348e-010 -9.7667294393146214e-013 2.5617440262837995e-010 1</Rotation>
<Translation>0.088958990678022432 0.063516477143762906 0.10454250538886833</Translation>
</Transform>
<Instance name="head_2.sldasm-Part-1-1" uid="head_2.sldasm-Part-1-1" grounded="true" entityUid="head_2.sldasm-Part-1*:*默认">
<Transform>
<Rotation>0.0038125420169429526 0.99999273223527441 0 -0.99999273223527441 0.0038125420169429526 0 0 0 1</Rotation>
<Translation>-0.049111344927679997 0.014947074574310854 0.20531186173655244</Translation>
</Transform>
</Instance>
</Instance>
<Instance name="face-1" uid="face-1" entityUid="face" rigid="true">
<Transform>
<Rotation>0.99999999999999689 -8.0375331440001654e-008 9.7669224755877619e-013 8.0375331440001892e-008 0.99999999999999689 -2.5617440297766421e-010 -9.7667243197820985e-013 2.5617440305321247e-010 1</Rotation>
<Translation>0.088958609415784484 0.063616476416955781 0.10454250538889359</Translation>
</Transform>
<Instance name="face.sldasm-Part-1-1" uid="face.sldasm-Part-1-1" grounded="true" entityUid="face.sldasm-Part-1*:*默认">
<Transform>
<Rotation>0.0038125420169429522 0.9999927322352743 0 -0.9999927322352743 0.0038125420169429522 0 0 0 1</Rotation>
<Translation>-0.049111344927680017 0.014947074574310826 0.20531186173655253</Translation>
</Transform>
</Instance>
</Instance>
<Instance name="face_1-1" uid="face_1-1" entityUid="face_1" rigid="true">
<Transform>
