<?xml version="1.0" encoding="UTF-8" standalone="no" ?>
<SimscapeMultibodyImportXML version="2.0" xmlns="urn:mathworks:SimscapeMultibody:import" xmlns:xsi="http://www.w3.org/2001/XMLSchema-instance">
<Created by="" on="02/02/18||15:11:42" using="Simscape Multibody Link Version 5.0" from="SolidWorks 22.0.0"/>
<ModelUnits mass="kilogram" length="millimeter"/>
<DataUnits mass="kilogram" length="meter"/>
<RootAssembly name="robot_1" uid="robot_1" version="469">
<AssemblyFile name="robot_1.SLDASM" type="SolidWorks Assembly"/>
<InstanceTree>
<Instance name="hand cover-1" uid="hand cover-1" entityUid="hand cover" rigid="true">
<Transform>
<Rotation>0.99351227505033812 -0.015178862864691901 -0.11270741522382705 -0.014905398547612188 0.965123969840881 -0.26136861313615073 0.11274390634725283 0.26135287440683108 0.95863626398173007</Rotation>
<Translation>0.091482754998670479 0.073200341951749459 0.13492475182507285</Translation>
</Transform>
<Instance name="hand cover.sldasm-Part-1-1" uid="hand cover.sldasm-Part-1-1" grounded="true" entityUid="hand cover.sldasm-Part-1*:*默认">
<Transform>
<Rotation>-1.3183898417423734e-015 0.99999999999999989 1.5126788710517758e-015 0.019356982447428839 -1.5161483180037294e-015 0.99981263606264215 0.99981263606264248 1.3322676295501878e-015 -0.019356982447428867</Rotation>
<Translation>-0.064956501385150717 -0.099533797976482971 0.085503090742685611</Translation>
</Transform>
</Instance>
</Instance>
<Instance name="switch-1" uid="switch-1" entityUid="switch*:*Default">
<Transform>
<Rotation>0.99997966999353083 0.00092382506814186604 0.0063092112718389961 -0.000143290829221747 0.99245502681795961 -0.12260913184384446 -0.0063748778315735992 0.12260573514728601 0.99243498257650409</Rotation>
<Translation>0.087414480752044665 0.070903375891520806 0.095671798940042962</Translation>
</Transform>
</Instance>
<Instance name="hand-1" uid="hand-1" entityUid="hand" rigid="true">
<Transform>
<Rotation>0.99999867008908627 -0.00057391438653196954 -0.001526578637240925 0.00041052586339498595 0.99447707256203766 -0.10495324490912745 0.0015783816313656609 0.10495247863064852 0.99447598560282457</Rotation>
<Translation>0.086922996867529023 0.075706914123882071 0.092628497387810288</Translation>
</Transform>
<Instance name="hand.sldasm-Part-1-1" uid="hand.sldasm-Part-1-1" grounded="true" entityUid="hand.sldasm-Part-1*:*默认">
<Transform>
<Rotation>-0.0046898915550845285 0.60788603241542505 -0.79401043854059916 0.00041031461774465578 0.79402027380577611 0.6078911386320045 0.99998891821815505 0.0025251494279059043 -0.003973293501710465</Rotation>
<Translation>0.013083613328406199 -0.028799147630574701 0.085686342014838407</Translation>
</Transform>
</Instance>
</Instance>
<Instance name="shouler left end-1" uid="shouler left end-1" entityUid="shouler left end" rigid="true">
<Transform>
<Rotation>0.99999877409824789 -0.00034796275860005251 -0.001526670861727085 0.00018581052828022573 0.99447702871370536 -0.10495429879336661 0.0015547592897292208 0.10495388645818848 0.99447587423771755</Rotation>
<Translation>0.08689622823573627 0.075696815998389094 0.092627268499397578</Translation>
</Transform>
<Instance name="shouler left end.sldasm-Part-2-1" uid="shouler left end.sldasm-Part-2-1" grounded="true" entityUid="shouler left end.sldasm-Part-2*:*默认">
<Transform>
<Rotation>-0.0046898915550845268 0.60788603241542505 -0.79401043854059894 0.00041031461774465594 0.79402027380577578 0.60789113863200472 0.99998891821815494 0.0025251494279059372 -0.0039732935017104676</Rotation>
<Translation>0.013083613328406227 -0.028799147630574687 0.085686342014838393</Translation>
</Transform>
</Instance>
<Instance name="shouler left end.sldasm-Part-1-1" uid="shouler left end.sldasm-Part-1-1" grounded="true" entityUid="shouler left end.sldasm-Part-1*:*默认">
<Transform>
<Rotation>-0.0046898915550845268 0.60788603241542505 -0.79401043854059894 0.00041031461774465594 0.79402027380577578 0.60789113863200472 0.99998891821815494 0.0025251494279059372 -0.0039732935017104676</Rotation>
<Translation>0.013083613328406227 -0.028799147630574687 0.085686342014838393</Translation>
</Transform>
</Instance>
</Instance>
<Instance name="servo-7" uid="servo-7" entityUid="servo" rigid="true">
<Transform>
<Rotation>0.44308143666098976 0.8964598113383756 -0.0062166825234393347 -0.89185228271198291 0.44007913872924465 -0.10454595868206308 -0.090985418105643548 0.051866736069374038 0.99450062613436863</Rotation>
<Translation>0.07899658179754071 0.17745709121159964 0.1889587623516662</Translation>
</Transform>
<Instance name="servo.sldasm-Part-1-1-1" uid="servo.sldasm-Part-1-1-1" grounded="true" entityUid="servo.sldasm-Part-1-1*:*默认">
<Transform>
<Rotation>-3.9551695252271194e-015 -1.1796119636642291e-016 1 3.2196467714129532e-015 -1 -1.1796119636641016e-016 1 3.2196467714129528e-015 3.9551695252271194e-015</Rotation>
<Translation>-0.03315000022351694 -0.0093942000000001857 -0.072599999999999998</Translation>
</Transform>
</Instance>
</Instance>
<Instance name="shoulder left_1-1" uid="shoulder left_1-1" entityUid="shoulder left_1" rigid="true">
<Transform>
<Rotation>0.99999993357400441 -0.00036429191549784077 1.197443883983688e-005 0.0003634530020521465 0.9941454328571292 -0.10804964706664531 2.7457279215122494e-005 0.10804964424148567 0.99414549922301931</Rotation>
<Translation>0.088446678663419653 0.076667379959774101 0.092298706276475781</Translation>
</Transform>
<Instance name="shoulder left_1.sldasm-Part-2-1" uid="shoulder left_1.sldasm-Part-2-1" grounded="true" entityUid="shoulder left_1.sldasm-Part-2*:*默认">
<Transform>
<Rotation>-0.0046898915550845311 0.60788603241542505 -0.79401043854059905 0.00041031461774462819 0.79402027380577611 0.6078911386320045 0.99998891821815505 0.0025251494279059095 -0.0039732935017104537</Rotation>
<Translation>0.013083613328406213 -0.028799147630574701 0.085686342014838421</Translation>
</Transform>
</Instance>
<Instance name="shoulder left_1.sldasm-Part-1-1" uid="shoulder left_1.sldasm-Part-1-1" grounded="true" entityUid="shoulder left_1.sldasm-Part-1*:*默认">
<Transform>
<Rotation>-0.0046898915550845311 0.60788603241542505 -0.79401043854059905 0.00041031461774462819 0.79402027380577611 0.6078911386320045 0.99998891821815505 0.0025251494279059095 -0.0039732935017104537</Rotation>
<Translation>0.013083613328406213 -0.028799147630574701 0.085686342014838421</Translation>
</Transform>
</Instance>
<Instance name="shoulder left_1.sldasm-Part-4-1" uid="shoulder left_1.sldasm-Part-4-1" grounded="true" entityUid="shoulder left_1.sldasm-Part-4*:*默认">
<Transform>
<Rotation>-0.0046898915550845311 0.60788603241542505 -0.79401043854059905 0.00041031461774462819 0.79402027380577611 0.6078911386320045 0.99998891821815505 0.0025251494279059095 -0.0039732935017104537</Rotation>
<Translation>0.013083613328406213 -0.028799147630574701 0.085686342014838421</Translation>
</Transform>
</Instance>
<Instance name="shoulder left_1.sldasm-Part-3-1" uid="shoulder left_1.sldasm-Part-3-1" grounded="true" entityUid="shoulder left_1.sldasm-Part-3*:*默认">
<Transform>
<Rotation>-0.0046898915550845311 0.60788603241542505 -0.79401043854059905 0.00041031461774462819 0.79402027380577611 0.6078911386320045 0.99998891821815505 0.0025251494279059095 -0.0039732935017104537</Rotation>
<Translation>0.013083613328406213 -0.028799147630574701 0.085686342014838421</Translation>
</Transform>
</Instance>
</Instance>
<Instance name="servo-6" uid="servo-6" entityUid="servo" rigid="true">
<Transform>
<Rotation>-0.00036237246696877893 -0.99998899212983494 -0.0046780664117069479 0.99418968373238115 0.00014329216502600704 -0.10764224183592387 0.10764172725436573 -0.0046898919510581366 0.99417868789628772</Rotation>
<Translation>0.013849823756052683 0.20087977406696575 0.26453509459119523</Translation>
</Transform>
<Instance name="servo.sldasm-Part-1-1-1" uid="servo.sldasm-Part-1-1-1" grounded="true" entityUid="servo.sldasm-Part-1-1*:*默认">
<Transform>
<Rotation>-3.9551695252271194e-015 -1.4376520807157789e-016 1 3.2205141331509416e-015 -1 -1.4376520807156514e-016 1 3.2205141331509412e-015 3.9551695252271202e-015</Rotation>
<Translation>-0.033150000223516968 -0.0093942000000001719 -0.072600000000000026</Translation>
</Transform>
</Instance>
</Instance>
<Instance name="shoulder left-1" uid="shoulder left-1" entityUid="shoulder left" rigid="true">
<Transform>
<Rotation>0.99999998973345183 0.00014329374091320312 -1.1862177954342638e-012 -0.00014329374091320312 0.99999998973345183 2.8439984430681414e-016 1.1862178240086151e-012 -1.1442225594142116e-016 0.99999999999999989</Rotation>
<Translation>0.088387682653287447 0.063484227754575115 0.10447517406852319</Translation>
</Transform>
<Instance name="shoulder left.sldasm-Part-1-1" uid="shoulder left.sldasm-Part-1-1" grounded="true" entityUid="shoulder left.sldasm-Part-1*:*默认">
<Transform>
<Rotation>0.0046898919498751896 -1.1744077932361627e-015 -0.99998900239627564 0 -1 1.1744023201672177e-015 -0.99998900239627553 0 -0.0046898919498751827</Rotation>
<Translation>-0.0357474180957238 0.080652838037358093 0.14609347093652075</Translation>
</Transform>
</Instance>
</Instance>
<Instance name="servo-4" uid="servo-4" entityUid="servo" rigid="true">
<Transform>
<Rotation>-1.2490009027033011e-016 -1 3.236994006172722e-015 0.067241368262100851 -3.2480799733863863e-015 -0.99773673801972462 0.99773673801972462 0 0.067241368262100934</Rotation>
<Translation>0.035922091340925777 -0.016303520314860653 0.11953388478500404</Translation>
</Transform>
<Instance name="servo.sldasm-Part-1-1-1" uid="servo.sldasm-Part-1-1-1" grounded="true" entityUid="servo.sldasm-Part-1-1*:*默认">
<Transform>
<Rotation>-3.8719027983802334e-015 -1.3314815912598586e-016 1 3.2271799992534667e-015 -1 -1.5400211699618637e-016 1 3.208512639363669e-015 4.0384362520740069e-015</Rotation>
<Translation>-0.033150000223516968 -0.0093942000000001649 -0.072600000000000012</Translation>
</Transform>
</Instance>
</Instance>
<Instance name="servo-5" uid="servo-5" entityUid="servo" rigid="true">
<Transform>
<Rotation>-1.5265566588595902e-016 -1.0000000000000002 3.1451349771088877e-015 0.0036630260987091439 3.0892714601715721e-015 0.99999329109739521 -0.99999329109739543 1.3877787807814457e-016 0.0036630260987091422</Rotation>
<Translation>0.03592209134092577 0.17492214029023526 0.070577996788255465</Translation>
</Transform>
<Instance name="servo.sldasm-Part-1-1-1" uid="servo.sldasm-Part-1-1-1" grounded="true" entityUid="servo.sldasm-Part-1-1*:*默认">
<Transform>
<Rotation>-3.9681799512969478e-015 -1.6876993890078003e-016 1 3.1624704237392344e-015 -1 -1.6876993890076748e-016 1 3.1624704237392336e-015 3.9681799512969486e-015</Rotation>
<Translation>-0.033150000223516968 -0.0093942000000001649 -0.07259999999999997</Translation>
</Transform>
</Instance>
</Instance>
<Instance name="back of batter-2" uid="back of batter-2" entityUid="back of batter*:*默认">
<Transform>
<Rotation>0.99997966999353083 0.00014329374091328988 0.0063748777661256457 -0.00014329082922171253 0.99999998973345183 -9.1348009232121672e-007 -0.0063748778315736365 0 0.99997968025987027</Rotation>
<Translation>0.086429673269594609 0.063684508327120748 0.10374719187719461</Translation>
</Transform>
</Instance>
<Instance name="buttocks-1" uid="buttocks-1" grounded="true" entityUid="buttocks*:*Default">
<Transform>
<Rotation>1 0 0 0 1 0 0 0 1</Rotation>
<Translation>0.087816291340925723 0.063387627034482377 0.10357179678887074</Translation>
</Transform>
</Instance>
<Instance name="servo-1" uid="servo-1" entityUid="servo" rigid="true">
<Transform>
<Rotation>-3.9324803569066968e-015 3.3029134982598407e-015 0.99999999999999989 1 -1.1102230246251565e-016 3.9482306313232129e-015 1.3422894659748633e-016 1 -3.1918911957973251e-015</Rotation>
<Translation>0.10726629134092562 0.10153762725799964 0.13796599678887067</Translation>
</Transform>
<Instance name="servo.sldasm-Part-1-1-1" uid="servo.sldasm-Part-1-1-1" grounded="true" entityUid="servo.sldasm-Part-1-1*:*默认">
<Transform>
<Rotation>-3.9532970386184082e-015 -1.6678178219605021e-016 1 3.3288686217710853e-015 -1 -1.2036849392612185e-016 0.99999999999999978 3.1068240168460496e-015 3.9847975874514452e-015</Rotation>
<Translation>-0.033150000223516968 -0.009394200000000158 -0.07259999999999997</Translation>
</Transform>
</Instance>
</Instance>
<Instance name="servo-3" uid="servo-3" entityUid="servo" rigid="true">
<Transform>
<Rotation>0.99997966999353094 -0.00014329374091498002 -0.0063748777661216333 -0.00014329082922338231 -0.99999998973345205 9.1348009552028493e-007 -0.0063748778315696241 -3.158761735828153e-015 -0.99997968025987027</Rotation>
<Translation>0.065650427186496579 0.0034404472071689748 0.17777536321130663</Translation>
</Transform>
<Instance name="servo.sldasm-Part-1-1-1" uid="servo.sldasm-Part-1-1-1" grounded="true" entityUid="servo.sldasm-Part-1-1*:*默认">
<Transform>
<Rotation>-3.9690473130349346e-015 -1.436387481451714e-016 0.99999999999999989 3.2178459671964356e-015 -1 -1.4363874814515861e-016 0.99999999999999989 3.2178459671964356e-015 3.9690473130349354e-015</Rotation>
<Translation>-0.033150000223516975 -0.0093942000000001753 -0.07259999999999997</Translation>
</Transform>
</Instance>
</Instance>
<Instance name="servo-2" uid="servo-2" entityUid="servo" rigid="true">
<Transform>
<Rotation>-0.99997966999353072 0.00014329374091450058 -0.0063748777661296226 0.00014329082922294421 0.99999998973345183 9.1348008902662479e-007 0.0063748778315776116 -3.333118477051973e-015 -0.99997968025987027</Rotation>
<Translation>0.019372875560420617 0.15354115610639368 0.17807052005775822</Translation>
</Transform>
<Instance name="servo.sldasm-Part-1-1-1" uid="servo.sldasm-Part-1-1-1" grounded="true" entityUid="servo.sldasm-Part-1-1*:*默认">
<Transform>
<Rotation>-3.9681799512969462e-015 -1.4355077611372669e-016 0.99999999999999989 3.2178460095528771e-015 -1 -1.436004382543563e-016 0.99999999999999989 3.2178465275860535e-015 3.969914674772923e-015</Rotation>
<Translation>-0.03315000022351694 -0.009394200000000158 -0.072599999999999998</Translation>
</Transform>
</Instance>
</Instance>
<Instance name="body-1" uid="body-1" entityUid="body*:*Default">
<Transform>
<Rotation>0.99997966999353094 0.00014329374091332485 0.0063748777661256214 -0.0001432908292217482 0.99999998973345205 -9.1348009220406507e-007 -0.0063748778315736113 -1.4754507680544111e-016 0.99997968025987027</Rotation>
<Translation>0.087647160143993111 0.063484333866816789 0.10423369722871142</Translation>
</Transform>
</Instance>
<Instance name="buttocks bottom-1" uid="buttocks bottom-1" entityUid="buttocks bottom*:*Default">
<Transform>
<Rotation>0.99999998973345183 0.00014329374091332569 0 -0.00014329374091332569 0.99999998973345183 0 0 0 0.99999999999999989</Rotation>
<Translation>0.087814141697141468 0.063384309938378472 0.10457179678887076</Translation>
</Transform>
</Instance>
<Instance name="servo-10" uid="servo-10" entityUid="servo" rigid="true">
<Transform>
<Rotation>1 -3.1552492396783344e-016 0 3.1506879800128411e-016 0.99773673801972507 0.067241368262093773 0 -0.067241368262093773 0.99773673801972507</Rotation>
<Translation>0.087816291340925806 0.063972352442287134 0.10094395114884763</Translation>
</Transform>
<Instance name="servo.sldasm-Part-1-1-1" uid="servo.sldasm-Part-1-1-1" grounded="true" entityUid="servo.sldasm-Part-1-1*:*默认">
<Transform>
<Rotation>-3.9690473130349244e-015 -1.4357513806109262e-016 1 3.219646771412954e-015 -1 -1.4357513806107998e-016 1 3.219646771412954e-015 3.9690473130349307e-015</Rotation>
<Translation>-0.033150000223516954 -0.0093942000000001649 -0.072599999999999998</Translation>
</Transform>
</Instance>
</Instance>
<Instance name="servo-8" uid="servo-8" entityUid="servo" rigid="true">
<Transform>
<Rotation>0.00014327879830784837 -0.99999998973345183 -2.0693334112313891e-006 0.9998957103042031 0.00014329374091462589 -0.014441190468831213 0.014441190617092562 -1.184570539818703e-012 0.99989572056968057</Rotation>
<Translation>0.014027354116596511 -0.0029276882656343955 0.26275584727585083</Translation>
</Transform>
<Instance name="servo.sldasm-Part-1-1-1" uid="servo.sldasm-Part-1-1-1" grounded="true" entityUid="servo.sldasm-Part-1-1*:*默认">
<Transform>
<Rotation>-3.9707820365109114e-015 -1.4355880944750522e-016 1 3.2178461526180108e-015 -1 -1.4356124497099367e-016 0.99999999999999978 3.2178458541958431e-015 3.9707820365109114e-015</Rotation>
<Translation>-0.033150000223516961 -0.0093942000000001701 -0.072599999999999998</Translation>
</Transform>
</Instance>
</Instance>
<Instance name="bottom left-1" uid="bottom left-1" entityUid="bottom left" rigid="true">
<Transform>
<Rotation>1 0 0 0 0.99999329109739543 -0.0036630260987131121 0 0.0036630260987131121 0.99999329109739543</Rotation>
<Translation>0.087816291340925737 0.063351458681439557 0.10331953035294829</Translation>
</Transform>
<Instance name="bottom left.sldasm-Part-1-1" uid="bottom left.sldasm-Part-1-1" grounded="true" entityUid="bottom left.sldasm-Part-1*:*默认">
<Transform>
<Rotation>1 0 0 0 1 0 0 0 1</Rotation>
<Translation>-0.04250000000000001 0.03885000000000001 -0.020000000000000018</Translation>
</Transform>
</Instance>
</Instance>
<Instance name="shoulder right middle-1" uid="shoulder right middle-1" entityUid="shoulder right middle" rigid="true">
<Transform>
<Rotation>0.99999998973345183 0.00014321189697614952 -4.8423908786222386e-006 -0.00014329374091330238 0.99942882803654831 -0.033793448424146603 1.1865285883285058e-012 0.033793448771088842 0.99942883829723261</Rotation>
<Translation>0.088388123743240218 0.067329936500964777 0.10759402814152083</Translation>
</Transform>
<Instance name="shoulder right middle.sldasm-Part-1-1" uid="shoulder right middle.sldasm-Part-1-1" grounded="true" entityUid="shoulder right middle.sldasm-Part-1*:*默认">
<Transform>
<Rotation>-1.3172028089591876e-015 1 1.517549533227546e-015 0.019356982447428846 -1.488878013089615e-015 0.99981263606264259 0.99981263606264259 1.4988003485872161e-015 -0.019356982447428814</Rotation>
<Translation>-0.064956501385150689 -0.099533797976482999 0.085503090742685639</Translation>
</Transform>
</Instance>
<Instance name="shoulder right middle.sldasm-Part-3-1" uid="shoulder right middle.sldasm-Part-3-1" grounded="true" entityUid="shoulder right middle.sldasm-Part-3*:*默认">
<Transform>
<Rotation>-1.3172028089591876e-015 1 1.517549533227546e-015 0.019356982447428846 -1.488878013089615e-015 0.99981263606264259 0.99981263606264259 1.4988003485872161e-015 -0.019356982447428814</Rotation>
<Translation>-0.064956501385150689 -0.099533797976482999 0.085503090742685639</Translation>
</Transform>
</Instance>
<Instance name="shoulder right middle.sldasm-Part-2-1" uid="shoulder right middle.sldasm-Part-2-1" grounded="true" entityUid="shoulder right middle.sldasm-Part-2*:*默认">
<Transform>
<Rotation>-1.3172028089591876e-015 1 1.517549533227546e-015 0.019356982447428846 -1.488878013089615e-015 0.99981263606264259 0.99981263606264259 1.4988003485872161e-015 -0.019356982447428814</Rotation>
<Translation>-0.064956501385150689 -0.099533797976482999 0.085503090742685639</Translation>
</Transform>
</Instance>
</Instance>
<Instance name="bottom right-1" uid="bottom right-1" entityUid="bottom right" rigid="true">
<Transform>
<Rotation>1 0 0 0 0.99773673801972484 0.067241368262096979 0 -0.067241368262096979 0.99773673801972484</Rotation>
<Translation>0.087816291340925723 0.063972352442287203 0.10094395114884788</Translation>
</Transform>
<Instance name="bottom right.sldasm-Part-1-1" uid="bottom right.sldasm-Part-1-1" grounded="true" entityUid="bottom right.sldasm-Part-1*:*默认">
<Transform>
<Rotation>1 0 0 0 1 0 0 0 1</Rotation>
<Translation>-0.042500000000000003 0.042955799999999995 -0.020000000000000268</Translation>
</Transform>
</Instance>
</Instance>
<Instance name="shoulder right end-2" uid="shoulder right end-2" entityUid="shoulder right end" rigid="true">
<Transform>
<Rotation>0.9935122750503379 -0.015178862864693696 -0.11270741522382753 -0.014905398547610549 0.96512396984088122 -0.26136861313615067 0.11274390634725379 0.2613528744068308 0.95863626398172996</Rotation>
<Translation>0.09148275499867034 0.073200341951749529 0.1349247518250728</Translation>
</Transform>
<Instance name="shoulder right end.sldasm-Part-1-1" uid="shoulder right end.sldasm-Part-1-1" grounded="true" entityUid="shoulder right end.sldasm-Part-1*:*默认">
<Transform>
<Rotation>-1.3045120539345589e-015 0.99999999999999989 1.5161483180037294e-015 0.019356982447428756 -1.5022705301959149e-015 0.99981263606264248 0.99981263606264248 1.3322676295501878e-015 -0.019356982447428894</Rotation>
<Translation>-0.064956501385150661 -0.099533797976483013 0.085503090742685639</Translation>
</Transform>
</Instance>
</Instance>
<Instance name="ear left_2-1" uid="ear left_2-1" entityUid="ear left_2" rigid="true">
<Transform>
<Rotation>0.99999999999999689 -8.0385816934244462e-008 1.5477634614362476e-012 8.038581693424482e-008 0.99999999999999689 -2.5623756165416428e-010 -1.5477436380906893e-012 2.5623756177562877e-010 1</Rotation>
<Translation>0.088959048214420536 0.063516472034180427 0.10454250325433741</Translation>
</Transform>
<Instance name="ear left_2.sldasm-Part-1-1" uid="ear left_2.sldasm-Part-1-1" grounded="true" entityUid="ear left_2.sldasm-Part-1*:*默认">
<Transform>
<Rotation>0.0038125420169429522 0.9999927322352743 0 -0.9999927322352743 0.0038125420169429522 0 0 0 1</Rotation>
<Translation>-0.049111344927680024 0.01494707457431084 0.20531186173655247</Translation>
</Transform>
</Instance>
</Instance>
<Instance name="servo-9" uid="servo-9" entityUid="servo" rigid="true">
<Transform>
<Rotation>0.42825655569555532 -0.89656668248423432 -0.11298011490078227 0.86313360672672457 0.44286261651646802 -0.24263775433988768 0.26757559575322931 0.0063942748925926128 0.96351565311929521</Rotation>
<Translation>0.022191660539384917 -0.0016366375624805828 0.19426328350016533</Translation>
</Transform>
<Instance name="servo.sldasm-Part-1-1-1" uid="servo.sldasm-Part-1-1-1" grounded="true" entityUid="servo.sldasm-Part-1-1*:*默认">
<Transform>
<Rotation>-3.9968028886505651e-015 -1.2012960071139387e-016 1 3.2135752392470367e-015 -1 -1.2012960071138102e-016 1 3.2135752392470359e-015 3.9968028886505651e-015</Rotation>
<Translation>-0.03315000022351694 -0.0093942000000001684 -0.072599999999999956</Translation>
</Transform>
</Instance>
</Instance>
<Instance name="ear right_2-1" uid="ear right_2-1" entityUid="ear right_2" rigid="true">
<Transform>
<Rotation>0.99999999999999689 -8.0385816934244462e-008 1.5477118532202302e-012 8.038581693424482e-008 0.99999999999999689 -2.5623872247936395e-010 -1.5476920297883426e-012 2.5623872260082425e-010 1</Rotation>
<Translation>0.088959048214429015 0.063516472032526888 0.10454250325466166</Translation>
</Transform>
<Instance name="ear right_2.sldasm-Part-1-1" uid="ear right_2.sldasm-Part-1-1" grounded="true" entityUid="ear right_2.sldasm-Part-1*:*默认">
<Transform>
<Rotation>0.0038125420169429522 0.9999927322352743 0 -0.9999927322352743 0.0038125420169429522 0 0 0 1</Rotation>
<Translation>-0.049111344927680003 0.01494707457431084 0.2053118617365525</Translation>
</Transform>
</Instance>
</Instance>
<Instance name="small servo-1" uid="small servo-1" entityUid="small servo" rigid="true">
<Transform>
<Rotation>0.99997966999353094 0.00014329374091334553 0.0063748777661256596 -0.00014329082922176869 0.99999998973345205 -9.1348009223345511e-007 -0.0063748778315736495 -1.1829172480166218e-016 0.99997968025987027</Rotation>
<Translation>0.087647160143993139 0.063484333866816789 0.10423369722871142</Translation>
</Transform>
<Instance name="small servo.sldasm-Part-1-1" uid="small servo.sldasm-Part-1-1" grounded="true" entityUid="small servo.sldasm-Part-1*:*默认">
<Transform>
<Rotation>0.0038125420169427006 0.99999273223527441 0 -0.99999273223527452 0.0038125420169427006 0 0 0 0.99999999999999989</Rotation>
<Translation>-0.051684543181420323 0.021026890150821057 0.1110000000000906</Translation>
</Transform>
<VisualProperties>
<Ambient r="0" g="0.0078431372549019607" b="0.027450980392156862" a="1"/>
<Diffuse r="0" g="0.0062745098039215692" b="0.021960784313725491" a="1"/>
<Specular r="0" g="0.0078431372549019607" b="0.027450980392156862" a="1"/>
<Emissive r="0" g="0.00078431372549019615" b="0.0027450980392156863" a="1"/>
<Shininess>0.90000000000000002</Shininess>
</VisualProperties>
</Instance>
</Instance>
<Instance name="ear left-1" uid="ear left-1" entityUid="ear left" rigid="true">
<Transform>
<Rotation>0.99999999999999678 -8.0385816934254852e-008 1.5481013032227463e-012 8.0385816934255209e-008 0.99999999999999678 -2.5623872099452744e-010 -1.5480807720881991e-012 2.5623872111871713e-010 1</Rotation>
<Translation>0.088959048214421022 0.063516472034293212 0.10454250325448032</Translation>
</Transform>
<Instance name="ear right.sldasm-Part-1-1" uid="ear right.sldasm-Part-1-1" grounded="true" entityUid="ear right.sldasm-Part-1*:*默认">
<Transform>
<Rotation>0.0038125420169429526 0.99999273223527441 0 -0.99999273223527441 0.0038125420169429526 0 0 0 1</Rotation>
<Translation>-0.049111344927679997 0.01494707457431084 0.2053118617365525</Translation>
</Transform>
</Instance>
</Instance>
<Instance name="sholder righr-1" uid="sholder righr-1" entityUid="sholder righr" rigid="true">
<Transform>
<Rotation>0.99999998973345183 0.00014329374091337241 -1.1863287981635233e-012 -0.00014329374091337241 0.99999998973345183 1.6388054249224667e-016 1.1863288094670732e-012 0 0.99999999999999989</Rotation>
<Translation>0.088387572677247672 0.063484227770333995 0.10452207601356657</Translation>
</Transform>
<Instance name="sholder righr.sldasm-Part-1-1" uid="sholder righr.sldasm-Part-1-1" grounded="true" entityUid="sholder righr.sldasm-Part-1*:*默认">
<Transform>
<Rotation>1.4571677198251628e-015 1.4434796673928194e-015 1 0 1 -1.4434796673928812e-015 -0.99999999999999978 0 1.4571677198158731e-015</Rotation>
<Translation>-0.055606501385150706 -0.050652838037357699 0.14600000000009056</Translation>
</Transform>
</Instance>
</Instance>
<Instance name="face-1" uid="face-1" entityUid="face" rigid="true">
<Transform>
<Rotation>0.99999999999999689 -8.0385816934265254e-008 1.5432705811539692e-012 8.0385816934265612e-008 0.99999999999999689 -2.5623873983526125e-010 -1.5432507577172138e-012 2.5623873995636447e-010 1</Rotation>
<Translation>0.088958666952212551 0.063616471307203576 0.10454250325458464</Translation>
</Transform>
<Instance name="face.sldasm-Part-1-1" uid="face.sldasm-Part-1-1" grounded="true" entityUid="face.sldasm-Part-1*:*默认">
<Transform>
<Rotation>0.0038125420169429522 0.9999927322352743 0 -0.9999927322352743 0.0038125420169429522 0 0 0 1</Rotation>
<Translation>-0.049111344927680017 0.01494707457431084 0.20531186173655253</Translation>
</Transform>
</Instance>
</Instance>
<Instance name="face_1-1" uid="face_1-1" entityUid="face_1" rigid="true">
<Transform>
<Rotation>0.99999999999999689 -8.0385816934698869e-008 1.6846666907907434e-012 8.0385816934699306e-008 0.99999999999999689 -2.5624003588223019e-010 -1.684646867255355e-012 2.5624003601469976e-010 1</Rotation>
<Translation>0.088959048214745443 0.063516472034012172 0.1045425032545272</Translation>
</Transform>
<Instance name="face_1.sldasm-Part-1-1" uid="face_1.sldasm-Part-1-1" grounded="true" entityUid="face_1.sldasm-Part-1*:*默认">
<Transform>
<Rotation>0.0038125420169429522 0.9999927322352743 0 -0.9999927322352743 0.0038125420169429522 0 0 0 1</Rotation>
<Translation>-0.04911134492768001 0.01494707457431084 0.20531186173655253</Translation>
</Transform>
</Instance>
</Instance>
<Instance name="servo-12" uid="servo-12" entityUid="servo" rigid="true">
<Transform>
<Rotation>-1 0 0 0 0.99773673801972473 -0.067241368262100115 0 -0.067241368262100101 -0.99773673801972473</Rotation>
<Translation>0.041516290893891916 0.053402009351485473 -0.055900264067853089</Translation>
</Transform>
<Instance name="servo.sldasm-Part-1-1-1" uid="servo.sldasm-Part-1-1-1" grounded="true" entityUid="servo.sldasm-Part-1-1*:*默认">
<Transform>
<Rotation>-4.0002844262417897e-015 -1.6640733518026688e-016 1 3.2057689836051387e-015 -1 -1.6640733518025406e-016 1 3.2057689836051379e-015 4.0002844262417905e-015</Rotation>
<Translation>-0.033150000223516954 -0.0093942000000001719 -0.072599999999999998</Translation>
</Transform>
</Instance>
</Instance>
<Instance name="servo-13" uid="servo-13" entityUid="servo" rigid="true">
<Transform>
<Rotation>0.98056951959697092 -6.1050012782848556e-016 -0.19617190736026796 0.00071858281649501423 -0.99999329109739543 0.0035918517418895043 -0.19617059126204772 -0.0036630260987162754 -0.98056294105156694</Rotation>
<Translation>0.064885175131765643 0.094041363018347299 -0.056083767792751482</Translation>
</Transform>
<Instance name="servo.sldasm-Part-1-1-1" uid="servo.sldasm-Part-1-1-1" grounded="true" entityUid="servo.sldasm-Part-1-1*:*默认">
<Transform>
<Rotation>-3.9412917374193057e-015 -1.4365678785432934e-016 0.99999999999999989 3.217478367067983e-015 -1 -1.4343994741983224e-016 1 3.217478367067983e-015 3.9690473130349346e-015</Rotation>
<Translation>-0.033150000223516954 -0.0093942000000001719 -0.072599999999999998</Translation>
</Transform>
</Instance>
</Instance>
<Instance name="thigh-2" uid="thigh-2" entityUid="thigh" rigid="true">
<Transform>
<Rotation>-1 2.2164901479639369e-016 1.6917295717802389e-012 1.1353306377094135e-013 -0.99773673801972507 0.067241368262093967 1.6879156485425506e-012 0.067241368262093967 0.99773673801972507</Rotation>
<Translation>0.041516290893963755 0.094010015129763813 0.098919595964261947</Translation>
</Transform>
<Instance name="thigh.sldasm-Part-3-1" uid="thigh.sldasm-Part-3-1" grounded="true" entityUid="thigh.sldasm-Part-3*:*默认">
<Transform>
<Rotation>0 -1 1.6956713810856148e-012 1 0 -2.9420910152566648e-015 2.9420910152566648e-015 1.695671381085615e-012 1</Rotation>
<Translation>-0.01315000022358824 0.039499999999999987 -0.084600000000017106</Translation>
</Transform>
</Instance>
<Instance name="thigh.sldasm-Part-4-1" uid="thigh.sldasm-Part-4-1" grounded="true" entityUid="thigh.sldasm-Part-4*:*默认">
<Transform>
<Rotation>0 -1 1.6956713810856148e-012 1 0 -2.9420910152566648e-015 2.9420910152566648e-015 1.695671381085615e-012 1</Rotation>
<Translation>-0.01315000022358824 0.039499999999999987 -0.084600000000017106</Translation>
</Transform>
</Instance>
<Instance name="thigh.sldasm-Part-5-1" uid="thigh.sldasm-Part-5-1" grounded="true" entityUid="thigh.sldasm-Part-5*:*默认">
<Transform>
<Rotation>0 -1 1.6956713810856148e-012 1 0 -2.9420910152566648e-015 2.9420910152566648e-015 1.695671381085615e-012 1</Rotation>
<Translation>-0.01315000022358824 0.039499999999999987 -0.084600000000017106</Translation>
</Transform>
</Instance>
<Instance name="thigh.sldasm-Part-1-1" uid="thigh.sldasm-Part-1-1" grounded="true" entityUid="thigh.sldasm-Part-1*:*默认">
<Transform>
<Rotation>0 -1 1.6956713810856148e-012 1 0 -2.9420910152566648e-015 2.9420910152566648e-015 1.695671381085615e-012 1</Rotation>
<Translation>-0.01315000022358824 0.039499999999999987 -0.084600000000017106</Translation>
</Transform>
</Instance>
<Instance name="thigh.sldasm-Part-2-1" uid="thigh.sldasm-Part-2-1" grounded="true" entityUid="thigh.sldasm-Part-2*:*默认">
<Transform>
<Rotation>0 -1 1.6956713810856148e-012 1 0 -2.9420910152566648e-015 2.9420910152566648e-015 1.695671381085615e-012 1</Rotation>
<Translation>-0.01315000022358824 0.039499999999999987 -0.084600000000017106</Translation>
</Transform>
</Instance>
<Instance name="thigh.sldasm-Part-6-1" uid="thigh.sldasm-Part-6-1" grounded="true" entityUid="thigh.sldasm-Part-6*:*默认">
<Transform>
<Rotation>0 -1 1.6956713810856148e-012 1 0 -2.9420910152566648e-015 2.9420910152566648e-015 1.695671381085615e-012 1</Rotation>
<Translation>-0.01315000022358824 0.039499999999999987 -0.084600000000017106</Translation>
</Transform>
</Instance>
<Instance name="thigh.sldasm-Part-7-1" uid="thigh.sldasm-Part-7-1" grounded="true" entityUid="thigh.sldasm-Part-7*:*默认">
<Transform>
<Rotation>0 -1 1.6956713810856148e-012 1 0 -2.9420910152566648e-015 2.9420910152566648e-015 1.695671381085615e-012 1</Rotation>
<Translation>-0.01315000022358824 0.039499999999999987 -0.084600000000017106</Translation>
</Transform>
</Instance>
<Instance name="thigh.sldasm-Part-8-1" uid="thigh.sldasm-Part-8-1" grounded="true" entityUid="thigh.sldasm-Part-8*:*默认">
<Transform>
<Rotation>0 -1 1.6956713810856148e-012 1 0 -2.9420910152566648e-015 2.9420910152566648e-015 1.695671381085615e-012 1</Rotation>
<Translation>-0.01315000022358824 0.039499999999999987 -0.084600000000017106</Translation>
</Transform>
</Instance>
<Instance name="thigh.sldasm-Part-9-1" uid="thigh.sldasm-Part-9-1" grounded="true" entityUid="thigh.sldasm-Part-9*:*默认">
<Transform>
<Rotation>0 -1 1.6956713810856148e-012 1 0 -2.9420910152566648e-015 2.9420910152566648e-015 1.695671381085615e-012 1</Rotation>
<Translation>-0.01315000022358824 0.039499999999999987 -0.084600000000017106</Translation>
</Transform>
</Instance>
<Instance name="thigh.sldasm-Part-10-1" uid="thigh.sldasm-Part-10-1" grounded="true" entityUid="thigh.sldasm-Part-10*:*默认">
<Transform>
<Rotation>0 -1 1.6956713810856148e-012 1 0 -2.9420910152566648e-015 2.9420910152566648e-015 1.695671381085615e-012 1</Rotation>
<Translation>-0.01315000022358824 0.039499999999999987 -0.084600000000017106</Translation>
</Transform>
</Instance>
<Instance name="thigh.sldasm-Part-11-1" uid="thigh.sldasm-Part-11-1" grounded="true" entityUid="thigh.sldasm-Part-11*:*默认">
<Transform>
<Rotation>0 -1 1.6956713810856148e-012 1 0 -2.9420910152566648e-015 2.9420910152566648e-015 1.695671381085615e-012 1</Rotation>
<Translation>-0.01315000022358824 0.039499999999999987 -0.084600000000017106</Translation>
</Transform>
</Instance>
<Instance name="thigh.sldasm-Part-12-1" uid="thigh.sldasm-Part-12-1" grounded="true" entityUid="thigh.sldasm-Part-12*:*默认">
<Transform>
<Rotation>0 -1 1.6956713810856148e-012 1 0 -2.9420910152566648e-015 2.9420910152566648e-015 1.695671381085615e-012 1</Rotation>
<Translation>-0.01315000022358824 0.039499999999999987 -0.084600000000017106</Translation>
</Transform>
</Instance>
</Instance>
<Instance name="thigh-1" uid="thigh-1" entityUid="thigh" rigid="true">
<Transform>
<Rotation>0.9805695195973031 -7.3441901357098872e-016 0.19617190735860923 0.00071858281648906597 0.99999329109739554 -0.0035918517418845053 -0.19617059126038894 0.003663026098710206 0.9805629410518989</Rotation>
<Translation>0.095723398968737092 0.063371125901402814 0.097950448209484925</Translation>
</Transform>
<Instance name="thigh.sldasm-Part-3-1" uid="thigh.sldasm-Part-3-1" grounded="true" entityUid="thigh.sldasm-Part-3*:*默认">
<Transform>
<Rotation>0 -1 1.6956158699343851e-012 1 0 -2.9368868448287332e-015 2.9368868448287336e-015 1.6956158699343851e-012 1</Rotation>
<Translation>-0.013150000223588254 0.039499999999999993 -0.084600000000017106</Translation>
</Transform>
</Instance>
<Instance name="thigh.sldasm-Part-4-1" uid="thigh.sldasm-Part-4-1" grounded="true" entityUid="thigh.sldasm-Part-4*:*默认">
<Transform>
<Rotation>0 -1 1.6956158699343851e-012 1 0 -2.9368868448287332e-015 2.9368868448287336e-015 1.6956158699343851e-012 1</Rotation>
<Translation>-0.013150000223588254 0.039499999999999993 -0.084600000000017106</Translation>
</Transform>
</Instance>
<Instance name="thigh.sldasm-Part-5-1" uid="thigh.sldasm-Part-5-1" grounded="true" entityUid="thigh.sldasm-Part-5*:*默认">
<Transform>
<Rotation>0 -1 1.6956158699343851e-012 1 0 -2.9368868448287332e-015 2.9368868448287336e-015 1.6956158699343851e-012 1</Rotation>
<Translation>-0.013150000223588254 0.039499999999999993 -0.084600000000017106</Translation>
</Transform>
</Instance>
<Instance name="thigh.sldasm-Part-1-1" uid="thigh.sldasm-Part-1-1" grounded="true" entityUid="thigh.sldasm-Part-1*:*默认">
<Transform>
<Rotation>0 -1 1.6956158699343851e-012 1 0 -2.9368868448287332e-015 2.9368868448287336e-015 1.6956158699343851e-012 1</Rotation>
<Translation>-0.013150000223588254 0.039499999999999993 -0.084600000000017106</Translation>
</Transform>
</Instance>
<Instance name="thigh.sldasm-Part-2-1" uid="thigh.sldasm-Part-2-1" grounded="true" entityUid="thigh.sldasm-Part-2*:*默认">
<Transform>
<Rotation>0 -1 1.6956158699343851e-012 1 0 -2.9368868448287332e-015 2.9368868448287336e-015 1.6956158699343851e-012 1</Rotation>
<Translation>-0.013150000223588254 0.039499999999999993 -0.084600000000017106</Translation>
</Transform>
</Instance>
<Instance name="thigh.sldasm-Part-6-1" uid="thigh.sldasm-Part-6-1" grounded="true" entityUid="thigh.sldasm-Part-6*:*默认">
<Transform>
<Rotation>0 -1 1.6956158699343851e-012 1 0 -2.9368868448287332e-015 2.9368868448287336e-015 1.6956158699343851e-012 1</Rotation>
<Translation>-0.013150000223588254 0.039499999999999993 -0.084600000000017106</Translation>
</Transform>
</Instance>
<Instance name="thigh.sldasm-Part-7-1" uid="thigh.sldasm-Part-7-1" grounded="true" entityUid="thigh.sldasm-Part-7*:*默认">
<Transform>
<Rotation>0 -1 1.6956158699343851e-012 1 0 -2.9368868448287332e-015 2.9368868448287336e-015 1.6956158699343851e-012 1</Rotation>
<Translation>-0.013150000223588254 0.039499999999999993 -0.084600000000017106</Translation>
</Transform>
</Instance>
<Instance name="thigh.sldasm-Part-8-1" uid="thigh.sldasm-Part-8-1" grounded="true" entityUid="thigh.sldasm-Part-8*:*默认">
<Transform>
<Rotation>0 -1 1.6956158699343851e-012 1 0 -2.9368868448287332e-015 2.9368868448287336e-015 1.6956158699343851e-012 1</Rotation>
<Translation>-0.013150000223588254 0.039499999999999993 -0.084600000000017106</Translation>
</Transform>
</Instance>
<Instance name="thigh.sldasm-Part-9-1" uid="thigh.sldasm-Part-9-1" grounded="true" entityUid="thigh.sldasm-Part-9*:*默认">
<Transform>
<Rotation>0 -1 1.6956158699343851e-012 1 0 -2.9368868448287332e-015 2.9368868448287336e-015 1.6956158699343851e-012 1</Rotation>
<Translation>-0.013150000223588254 0.039499999999999993 -0.084600000000017106</Translation>
</Transform>
</Instance>
<Instance name="thigh.sldasm-Part-10-1" uid="thigh.sldasm-Part-10-1" grounded="true" entityUid="thigh.sldasm-Part-10*:*默认">
<Transform>
<Rotation>0 -1 1.6956158699343851e-012 1 0 -2.9368868448287332e-015 2.9368868448287336e-015 1.6956158699343851e-012 1</Rotation>
<Translation>-0.013150000223588254 0.039499999999999993 -0.084600000000017106</Translation>
</Transform>
</Instance>
<Instance name="thigh.sldasm-Part-11-1" uid="thigh.sldasm-Part-11-1" grounded="true" entityUid="thigh.sldasm-Part-11*:*默认">
<Transform>
<Rotation>0 -1 1.6956158699343851e-012 1 0 -2.9368868448287332e-015 2.9368868448287336e-015 1.6956158699343851e-012 1</Rotation>
<Translation>-0.013150000223588254 0.039499999999999993 -0.084600000000017106</Translation>
</Transform>
</Instance>
<Instance name="thigh.sldasm-Part-12-1" uid="thigh.sldasm-Part-12-1" grounded="true" entityUid="thigh.sldasm-Part-12*:*默认">
<Transform>
<Rotation>0 -1 1.6956158699343851e-012 1 0 -2.9368868448287332e-015 2.9368868448287336e-015 1.6956158699343851e-012 1</Rotation>
<Translation>-0.013150000223588254 0.039499999999999993 -0.084600000000017106</Translation>
</Transform>
</Instance>
</Instance>
<Instance name="servo-11" uid="servo-11" entityUid="servo" rigid="true">
<Transform>
<Rotation>-0.98056951959697092 9.0859932243061015e-016 0.19617190736026796 -0.00071858281649526587 -0.99999329109739543 -0.0035918517418830182 0.19617059126204772 -0.0036630260987099645 0.98056294105156694</Rotation>
<Translation>0.050323029773112253 0.093443453539797966 0.10714342500368251</Translation>
</Transform>
<Instance name="servo.sldasm-Part-1-1-1" uid="servo.sldasm-Part-1-1-1" grounded="true" entityUid="servo.sldasm-Part-1-1*:*默认">
<Transform>
<Rotation>-3.9412917374193057e-015 -1.4354836763708079e-016 0.99999999999999989 3.2179120479369772e-015 -1 -1.4365678785432934e-016 1 3.217478367067983e-015 3.9690473130349346e-015</Rotation>
<Translation>-0.033150000223516954 -0.0093942000000001719 -0.072599999999999998</Translation>
</Transform>
</Instance>
</Instance>
<Instance name="ear right_1-1" uid="ear right_1-1" entityUid="ear right_1" rigid="true">
<Transform>
